37,35
10,168
10,10
10,162
10,308
10,94
10,196
10,254
10,140
11,16
11,26
11,8
11,18
11,20
11,14
9,6
9,4
8,14
8,10
35,7
35,6
35,5
35,4
35,3
35,2
35,1
35,0
34,5
34,4
34,3
34,2
34,1
34,0
33,18
33,17
33,16
33,15
33,14
33,13
33,12
33,11
33,10
33,9
33,8
33,7
33,6
33,5
33,4
33,3
33,2
33,1
33,0
32,4
32,3
32,2
32,1
32,0
20,3
20,2
20,1
19,3
19,2
19,1
18,3
18,1
14,5
14,4
14,3
14,1
13,3
13,1
12,3
12,2
12,1
11,27
11,25
11,23
11,21
11,19
11,17
11,5
11,3
11,2
11,1
10,273
10,243
10,237
10,211
10,143
10,133
10,119
10,31
10,3
10,2
10,1
9,7
9,5
9,3
9,2
9,1
8,18
8,15
8,12
8,11
8,8
8,5
